base: 
[[ 0.99896489 -0.004945    0.0452182  -0.15540665]
 [ 0.00532415  0.99995164 -0.00826828 -0.21566392]
 [-0.04517513  0.00850047  0.99894292  0.67319781]
 [ 0.          0.          0.          1.        ]]
base_inv: 
[[ 0.99896489  0.00532415 -0.04517513  0.18680581]
 [-0.004945    0.99995164  0.00850047  0.20916251]
 [ 0.0452182  -0.00826828  0.99894292 -0.66724214]
 [ 0.          0.          0.          1.        ]]