{
 "cells": [
  {
   "cell_type": "code",
   "execution_count": 6,
   "metadata": {},
   "outputs": [
    {
     "name": "stdout",
     "output_type": "stream",
     "text": [
      "0 5.539479999999999 [[ 2.15186327e-02  5.30068346e-06 -4.81433636e-06]\n",
      " [ 5.30068346e-06  7.83861890e-03 -1.41886711e-04]\n",
      " [-4.81433636e-06 -1.41886711e-04  2.86570557e-02]] [ 0.0002  -0.01453  0.01583]\n",
      "\n",
      "\n",
      "1 0.69376 [[ 0.01131843  0.0029069  -0.0013844 ]\n",
      " [ 0.0029069   0.02921274 -0.00403993]\n",
      " [-0.0013844  -0.00403993  0.0353237 ]] [-0.01878 -0.07779  0.04996]\n",
      "\n",
      "\n",
      "2 1.1965 [[ 0.02435806  0.00181267 -0.00314433]\n",
      " [ 0.00181267  0.01259424 -0.00398126]\n",
      " [-0.00314433 -0.00398126  0.01627345]] [-0.03378 -0.03798  0.09302]\n",
      "\n",
      "\n",
      "3 4.147189999999999 [[ 6.26279213e-02 -6.34155947e-05 -1.05680952e-03]\n",
      " [-6.34155947e-05  4.54478589e-02 -1.66179636e-02]\n",
      " [-1.05680952e-03 -1.66179636e-02  2.25275904e-02]] [-0.00652 -0.08056  0.2043 ]\n",
      "\n",
      "\n",
      "4 0.032979999999999995 [[ 0.38748441  0.02236307 -0.00755002]\n",
      " [ 0.02236307  0.04117575 -0.11723182]\n",
      " [-0.00755002 -0.11723182  0.34928179]] [-0.03795 -0.58928  0.19895]\n",
      "\n",
      "\n",
      "5 0.02375 [[ 0.47305056  0.02502938 -0.00757199]\n",
      " [ 0.02502938  0.04118748 -0.13094569]\n",
      " [-0.00757199 -0.13094569  0.43492677]] [-0.03804 -0.65784  0.19905]\n",
      "\n",
      "\n",
      "6 0.03226 [[ 0.59550288  0.02833343 -0.00597407]\n",
      " [ 0.02833343  0.02785449 -0.11823802]\n",
      " [-0.00597407 -0.11823802  0.57052392]] [-0.03761 -0.75334  0.15877]\n",
      "\n",
      "\n",
      "7 0.01491 [[ 0.62318039  0.02887374 -0.00595415]\n",
      " [ 0.02887374  0.02691558 -0.12305019]\n",
      " [-0.00595415 -0.12305019  0.59910805]] [-0.03734 -0.77298  0.15926]\n",
      "\n",
      "\n"
     ]
    }
   ],
   "source": [
    "import numpy as np\n",
    "from setMassInVrep import getMassfromSW\n",
    "\n",
    "for i in range(8):\n",
    "    mass, iner, centr = getMassfromSW('arm'+str(i))\n",
    "    print(i, mass, iner, centr)\n",
    "    print('\\n')"
   ]
  }
 ],
 "metadata": {
  "kernelspec": {
   "display_name": "Python 3",
   "language": "python",
   "name": "python3"
  },
  "language_info": {
   "codemirror_mode": {
    "name": "ipython",
    "version": 3
   },
   "file_extension": ".py",
   "mimetype": "text/x-python",
   "name": "python",
   "nbconvert_exporter": "python",
   "pygments_lexer": "ipython3",
   "version": "3.6.8"
  }
 },
 "nbformat": 4,
 "nbformat_minor": 2
}
