{
 "cells": [
  {
   "cell_type": "code",
   "execution_count": 10,
   "metadata": {},
   "outputs": [],
   "source": [
    "import numpy as np\n",
    "from setMassInVrep import getMassfromSW\n",
    "\n",
    "f = open('mass.txt', 'w')\n",
    "for i in range(8):\n",
    "    ms, it, ct = getMassfromSW('arm'+str(i))\n",
    "    f.write(str(ms))\n",
    "    f.write('\\n')\n",
    "    f.write(str(it.reshape(9,1)))\n",
    "    f.write('\\n')\n",
    "    f.write(str(ct.reshape(3,1)))\n",
    "    f.write('\\n')\n",
    "    \n",
    "f.close()"
   ]
  },
  {
   "cell_type": "code",
   "execution_count": 12,
   "metadata": {},
   "outputs": [
    {
     "name": "stdout",
     "output_type": "stream",
     "text": [
      "5.539479999999999 \n",
      "\n",
      "[[ 2.15186327e-02  5.30068346e-06 -4.81433636e-06]\n",
      " [ 5.30068346e-06  7.83861890e-03 -1.41886711e-04]\n",
      " [-4.81433636e-06 -1.41886711e-04  2.86570557e-02]] \n",
      "\n",
      "[ 0.0002  -0.01453  0.01583] \n",
      "\n",
      "0.69376 \n",
      "\n",
      "[[ 0.009921    0.0026923  -0.00143028]\n",
      " [ 0.0026923   0.0294628  -0.00363116]\n",
      " [-0.00143028 -0.00363116  0.03367621]] \n",
      "\n",
      "[-0.01878 -0.06637  0.0524 ] \n",
      "\n",
      "1.1965 \n",
      "\n",
      "[[ 0.02408103  0.00041341  0.00041604]\n",
      " [ 0.00041341  0.01193316 -0.0029831 ]\n",
      " [ 0.00041604 -0.0029831   0.0144144 ]] \n",
      "\n",
      "[ 0.00439 -0.02655  0.09546] \n",
      "\n",
      "4.147189999999999 \n",
      "\n",
      "[[ 4.95935114e-02 -7.75239813e-05  3.83613218e-05]\n",
      " [-7.75239813e-05  3.24397241e-02 -1.11201624e-02]\n",
      " [ 3.83613218e-05 -1.11201624e-02  1.91324276e-02]] \n",
      "\n",
      "[ 0.00024 -0.06913  0.16963] \n",
      "\n",
      "0.032979999999999995 \n",
      "\n",
      "[[ 3.75124212e-01 -1.23698908e-04  4.13168587e-05]\n",
      " [-1.23698908e-04  4.07136722e-02 -1.16369957e-01]\n",
      " [ 4.13168587e-05 -1.16369957e-01  3.34503481e-01]] \n",
      "\n",
      "[ 2.1000e-04 -5.7785e-01  2.0139e-01] \n",
      "\n",
      "0.02375 \n",
      "\n",
      "[[ 4.59122579e-01 -7.35692632e-05  2.58555789e-05]\n",
      " [-7.35692632e-05  4.07180042e-02 -1.30248355e-01]\n",
      " [ 2.58555789e-05 -1.30248355e-01  4.18574103e-01]] \n",
      "\n",
      "[ 1.2000e-04 -6.4641e-01  2.0149e-01] \n",
      "\n",
      "0.03226 \n",
      "\n",
      "[[ 5.79204701e-01 -1.27695350e-03  2.33444203e-04]\n",
      " [-1.27695350e-03  2.72322328e-02 -1.18255216e-01]\n",
      " [ 2.33444203e-04 -1.18255216e-01  5.52026137e-01]] \n",
      "\n",
      "[ 0.00167 -0.74191  0.16124] \n",
      "\n",
      "0.01491 \n",
      "\n",
      "[[ 6.06436323e-01 -1.46279879e-03  3.02480215e-04]\n",
      " [-1.46279879e-03  2.63198317e-02 -1.23115125e-01]\n",
      " [ 3.02480215e-04 -1.23115125e-01  5.80179746e-01]] \n",
      "\n",
      "[ 0.00193 -0.76156  0.16174] \n",
      "\n"
     ]
    }
   ],
   "source": [
    "for i in range(8):\n",
    "    ms, it, ct = getMassfromSW('arm'+str(i))\n",
    "    print(ms, '\\n')\n",
    "    print(it, '\\n')\n",
    "    print(ct, '\\n')\n"
   ]
  }
 ],
 "metadata": {
  "kernelspec": {
   "display_name": "Python 3",
   "language": "python",
   "name": "python3"
  },
  "language_info": {
   "codemirror_mode": {
    "name": "ipython",
    "version": 3
   },
   "file_extension": ".py",
   "mimetype": "text/x-python",
   "name": "python",
   "nbconvert_exporter": "python",
   "pygments_lexer": "ipython3",
   "version": "3.6.8"
  }
 },
 "nbformat": 4,
 "nbformat_minor": 2
}
